PRICE = 1041.1395983551972 * duration + -1728.5093838902887 * days_left + -20727.51513801727 * class_Economy + 487.7960407892427 * arrival_time_encode + -128.98695298486388 * departure_time_encode + 2003.0304241869335 * stops_encode + 20531.127809568476
Training Time: = 1.9406273365020752s

Logs:
MSE: 51579140.04514693
RMSE: 7181.861878729424
MAE: 4606.689823789609
R2: 0.8999446493729055