PRICE = 1056.7315106831059 * duration + -1718.3795955492128 * days_left + -20707.179708130207 * class_Economy + 476.03818396590106 * arrival_time_encode + -145.40078009999314 * departure_time_encode + 2010.900814173239 * stops_encode + 20527.662285172282
Training Time: = 2.0230534076690674s

Logs:
MSE: 50887978.92948617
RMSE: 7133.581073309966
MAE: 4581.717213956115
R2: 0.9015200121767983